$ANSIBLE_VAULT;1.1;AES256
65333333633532353661623434376665623063343032656666336262666238386366366133336633
6466646436363638323130376331366262633464303937640a303437633964666330373066323665
36616365613537383332373835663037663433333661386465383862366135633734663563373766
6233363061633136620a313434313636633462643938303532323064326536333161636461336266
35383062663134366465623364653538343931333666613931313563323965363263616434363937
34616462363566313466313234313966303636356361316565376161376263386330383230353365
32313036386264366466636637336330623766623234333534373131373235646436373063336663
65363235653361396637326535663133666439613130313165363362323233663364623562306236
62376430356465366564316665643936343364663764336561326634633565323936343230323965
35623530313263333730633061383038613665343161663665653430373431613462306433636563
65373063393533396635616665643031396332336133363763383736653662626461633034316661
36646333383430373332356332653132383963313862303532373564663365613066343833326335
34383265376431653730613037336434383034333138633335613230633165396438313330393131
39356564616361363237313937653739306330316435316461633639366436383664636230343930
36653663366265373464663165326434333863373762303162643764383937366334376366363165
66653738386334633037623438623739343166316163653063613033646262633763313933616163
32346138656464396432313038623563653664376365323631643439653431656538313433326133
64623833303331643662316165323739666334653433623335643230316433306231643664333862
35393130633231313831646536323539653766626562626666353437343763623462323138313063
63313839306565316231333431616134386530333130303638613837343937313434653132393331
33643961623965613261303664643035653238303333626234616437363431376361303933316638
39656530646434313132663666646533346139663832643132386535363832336539316232373039
35656262666435326531323035386166643033623237306137363939346561313137366234636137
33646631386535613333613832623736356536363663616261323431353036393134373430626235
37616534656430303432346363376561396236336635363862346337363932326264663430336537
36326437383431336237393938386537306230303661396463333462633364623236653063326530
39366563386533666662343833336437653730646336313136393237393163313737313565356166
65623663383634656330646633623465386433313166346134656331306363333437376334633062
62303930623136666565323138303633353434336165643639613934616263656537363532306230
30346631303034363436363931383133663639656235396432323362626538663135616161386630
626365623665656165363161366261306333
