$ANSIBLE_VAULT;1.1;AES256
66386136303466653331366362316432376566336265353362633535336464323132336535326632
3439333263323935353638656166613466333339343765320a653638356362323130613236643366
32376636613466623237623030363836373630393338326436333036366665396333333963313766
6366666233383162660a376333656663383033396233333366396166643836663737393162333635
66313962666134306265653639623035393361653537633134653637633663366662636137393864
34623064666463333966623862303430343866636636626639646632323762633835653763663136
37663532316331346432343739326639633766613732326231313133376264303339633036303161
61383431393064386263326463343236386132343231343433396335373032316164303561346566
31313563633336333637303738386231646430653063396636356561366537323862383832646462
32376538323031306433383433373063656337636461653263363037373961396538643039306634
36356666373033396334343061396139353261633461666566366431323363373739383237313061
37323034643431353335653937393564356463633566353330643663613534323231656266623638
65383762663039393566353531366630346135636133626434663635313662333533646262636433
31393765366563313962623233323334616164613762643963303136623439356665383338643434
62393739623635633164393363306532386262323132336335636465333735383231316664316635
66396333383939363535393336626235316239646661373133393632333463386662393661643061
39616262653237643832353438346638313538343739356337663632373132303265303935376234
37663762353631333534626231316135633336376332643939323731313635623835636237643661
39646664633737653235363466376166356562363733323263333339303561366464333739303335
36356132616430623836346334373966656330313361356636336338313036316239393732373165
35666465386562336439653038663839336332626139646132656164383339343138343539376364
39643762626436623232373164663262393761633537616365336435393764653861633134623166
37326333326332386536383837643034326533653561633434343066303232313430343461363739
61373566663736373632333231643039383061616437656439303661373930633963323634363334
61323739336564346535346331373131393362346534383163363066663932656133
